p95=0.633326
p99=0.664908
p995=0.675525
mean=0.515225
std=0.062635
